
0  2.0
1  2.0
2  4.0
3  37.0
4  107.0
5  668.0
6  3232.0
7  13134.0
8  39482.0
9  87754.0
10  146654.0
11  198726.0
12  235872.0
13  260097.0
14  275935.0
15  286236.0
16  293428.0
17  298589.0
18  302280.0
19  305087.0
20  307239.0
21  308971.0
22  310342.0
23  311438.0
24  312313.0
25  313038.0
26  313665.0
27  314158.0
28  314610.0
29  314934.0
30  315237.0
31  315538.0
32  315776.0
33  315955.0
34  316128.0
35  316275.0
36  316389.0
37  316501.0
38  316582.0
39  316651.0
40  316725.0
41  316781.0
42  316827.0
43  316863.0
44  316888.0
45  316915.0
46  316941.0
47  316960.0
48  316982.0
49  317001.0
50  317013.0
51  317024.0
52  317033.0
53  317041.0
54  317046.0
55  317049.0
56  317055.0
57  317063.0
58  317065.0
59  317070.0
60  317071.0
61  317071.0
62  317075.0
63  317076.0
64  317076.0
65  317077.0
66  317077.0
67  317077.0
68  317078.0
69  317078.0
70  317078.0
71  317079.0
72  317080.0
73  317080.0
74  317080.0
75  317080.0
76  317081.0
77  317081.0
78  317081.0
79  317081.0
80  317081.0
81  317081.0
82  317081.0
83  317081.0