
0  2.0
1  3.0
2  4.0
3  5.0
4  8.0
5  14.0
6  21.0
7  40.0
8  72.0
9  120.0
10  216.0
11  401.0
12  762.0
13  1369.0
14  2346.0
15  4167.0
16  7320.0
17  13015.0
18  22791.0
19  39055.0
20  65189.0
21  102765.0
22  150323.0
23  200533.0
24  243299.0
25  273228.0
26  291442.0
27  301813.0
28  307663.0
29  310924.0
30  312815.0
31  314059.0
32  314833.0
33  315326.0
34  315658.0
35  315871.0
36  316047.0
37  316197.0
38  316304.0
39  316372.0
40  316436.0
41  316476.0
42  316506.0
43  316546.0
44  316574.0
45  316605.0
46  316625.0
47  316635.0
48  316644.0
49  316657.0
50  316663.0
51  316668.0
52  316675.0
53  316678.0
54  316683.0
55  316684.0
56  316690.0
57  316692.0
58  316695.0
59  316695.0
60  316698.0
61  316700.0
62  316702.0
63  316703.0
64  316704.0
65  316705.0
66  316706.0
67  316706.0
68  316707.0
69  316707.0
70  316707.0
71  316707.0
72  316707.0
73  316707.0
74  316707.0
75  316707.0
76  316707.0
77  316707.0
78  316707.0
79  316707.0
80  316707.0
81  316707.0
82  316707.0
83  316707.0