
0  4.0
1  5.0
2  10.0
3  15.0
4  36.0
5  90.0
6  275.0
7  1050.0
8  3563.0
9  10632.0
10  26269.0
11  52169.0
12  85041.0
13  119938.0
14  152580.0
15  180898.0
16  204848.0
17  224384.0
18  240625.0
19  253629.0
20  264554.0
21  273147.0
22  280416.0
23  286333.0
24  291129.0
25  295219.0
26  298589.0
27  301363.0
28  303643.0
29  305581.0
30  307318.0
31  308761.0
32  309875.0
33  310927.0
34  311812.0
35  312513.0
36  313138.0
37  313688.0
38  314162.0
39  314587.0
40  314907.0
41  315218.0
42  315473.0
43  315678.0
44  315869.0
45  316018.0
46  316157.0
47  316286.0
48  316393.0
49  316483.0
50  316558.0
51  316629.0
52  316682.0
53  316748.0
54  316788.0
55  316825.0
56  316840.0
57  316873.0
58  316904.0
59  316928.0
60  316940.0
61  316959.0
62  316978.0
63  316991.0
64  317001.0
65  317007.0
66  317013.0
67  317021.0
68  317029.0
69  317035.0
70  317037.0
71  317044.0
72  317052.0
73  317055.0
74  317059.0
75  317064.0
76  317067.0
77  317071.0
78  317072.0
79  317073.0
80  317074.0
81  317075.0
82  317076.0
83  317076.0