
0  3.0
1  3.0
2  6.0
3  9.0
4  10.0
5  12.0
6  17.0
7  28.0
8  50.0
9  109.0
10  342.0
11  1080.0
12  2691.0
13  6360.0
14  12894.0
15  22610.0
16  35007.0
17  48968.0
18  62966.0
19  76012.0
20  87263.0
21  96711.0
22  104476.0
23  110669.0
24  115746.0
25  119757.0
26  122948.0
27  125659.0
28  127825.0
29  129685.0
30  131233.0
31  132511.0
32  133528.0
33  134397.0
34  135192.0
35  135868.0
36  136411.0
37  136913.0
38  137321.0
39  137635.0
40  137912.0
41  138162.0
42  138381.0
43  138569.0
44  138761.0
45  138905.0
46  139017.0
47  139116.0
48  139201.0
49  139259.0
50  139333.0
51  139396.0
52  139448.0
53  139493.0
54  139539.0
55  139588.0
56  139625.0
57  139656.0
58  139673.0
59  139684.0
60  139704.0
61  139715.0
62  139723.0
63  139735.0
64  139746.0
65  139756.0
66  139757.0
67  139760.0
68  139763.0
69  139770.0
70  139771.0
71  139779.0
72  139784.0
73  139789.0
74  139790.0
75  139792.0
76  139795.0
77  139797.0
78  139799.0
79  139801.0
80  139803.0
81  139803.0
82  139803.0
83  139805.0