
0  2.0
1  7.0
2  7.0
3  9.0
4  12.0
5  14.0
6  30.0
7  49.0
8  118.0
9  262.0
10  627.0
11  1473.0
12  3129.0
13  5918.0
14  10051.0
15  15576.0
16  22246.0
17  29563.0
18  37101.0
19  44457.0
20  51413.0
21  57881.0
22  63683.0
23  69031.0
24  73665.0
25  77891.0
26  81576.0
27  84906.0
28  87818.0
29  90418.0
30  92582.0
31  94491.0
32  96190.0
33  97665.0
34  98914.0
35  100006.0
36  101053.0
37  101896.0
38  102694.0
39  103412.0
40  103979.0
41  104496.0
42  104924.0
43  105319.0
44  105720.0
45  106056.0
46  106350.0
47  106588.0
48  106809.0
49  107019.0
50  107192.0
51  107367.0
52  107511.0
53  107635.0
54  107753.0
55  107854.0
56  107933.0
57  108031.0
58  108107.0
59  108175.0
60  108231.0
61  108278.0
62  108307.0
63  108345.0
64  108381.0
65  108418.0
66  108439.0
67  108467.0
68  108488.0
69  108505.0
70  108525.0
71  108533.0
72  108547.0
73  108558.0
74  108564.0
75  108570.0
76  108576.0
77  108580.0
78  108587.0
79  108592.0
80  108598.0
81  108601.0
82  108601.0
83  108602.0