
0  3.0
1  5.0
2  7.0
3  9.0
4  15.0
5  26.0
6  72.0
7  292.0
8  1254.0
9  4602.0
10  12797.0
11  26415.0
12  42528.0
13  57338.0
14  69026.0
15  77416.0
16  83086.0
17  87088.0
18  89933.0
19  91947.0
20  93406.0
21  94436.0
22  95242.0
23  95880.0
24  96375.0
25  96797.0
26  97111.0
27  97358.0
28  97571.0
29  97731.0
30  97872.0
31  97999.0
32  98090.0
33  98173.0
34  98238.0
35  98293.0
36  98351.0
37  98404.0
38  98437.0
39  98482.0
40  98510.0
41  98537.0
42  98564.0
43  98577.0
44  98595.0
45  98611.0
46  98620.0
47  98630.0
48  98637.0
49  98642.0
50  98648.0
51  98656.0
52  98661.0
53  98664.0
54  98665.0
55  98665.0
56  98666.0
57  98666.0
58  98669.0
59  98673.0
60  98676.0
61  98676.0
62  98677.0
63  98679.0
64  98679.0
65  98679.0
66  98679.0
67  98680.0
68  98680.0
69  98680.0
70  98680.0
71  98680.0
72  98680.0
73  98680.0
74  98680.0
75  98680.0
76  98680.0
77  98680.0
78  98680.0
79  98680.0
80  98681.0
81  98681.0
82  98681.0
83  98681.0