
0  1.0
1  2.0
2  5.0
3  13.0
4  45.0
5  160.0
6  631.0
7  1954.0
8  5125.0
9  10991.0
10  19226.0
11  28431.0
12  37460.0
13  45633.0
14  52609.0
15  58438.0
16  63266.0
17  67433.0
18  70902.0
19  73764.0
20  76204.0
21  78238.0
22  79993.0
23  81439.0
24  82585.0
25  83620.0
26  84546.0
27  85284.0
28  85960.0
29  86535.0
30  87071.0
31  87509.0
32  87874.0
33  88208.0
34  88507.0
35  88765.0
36  88976.0
37  89171.0
38  89344.0
39  89478.0
40  89600.0
41  89709.0
42  89817.0
43  89900.0
44  89982.0
45  90049.0
46  90119.0
47  90165.0
48  90217.0
49  90260.0
50  90305.0
51  90337.0
52  90359.0
53  90382.0
54  90393.0
55  90412.0
56  90427.0
57  90446.0
58  90458.0
59  90475.0
60  90482.0
61  90492.0
62  90500.0
63  90513.0
64  90522.0
65  90525.0
66  90530.0
67  90533.0
68  90535.0
69  90539.0
70  90543.0
71  90547.0
72  90548.0
73  90548.0
74  90549.0
75  90549.0
76  90549.0
77  90549.0
78  90549.0
79  90550.0
80  90550.0
81  90550.0
82  90550.0
83  90551.0