 
0 3.1537782263151257E-6 
1 2.0092721079853664E-5 
2 2.468241453261007E-4 
3 0.0030060867919767882 
4 0.0279979626592658 
5 0.13619654030528575 
6 0.28275110697615746 
7 0.2765755897565283 
8 0.16445324208401665 
9 0.07221538097640974 
10 0.02545753122240444 
11 0.007742847230982717 
12 0.0023725589756528323 
13 7.070013876624196E-4 
14 1.9050397376056514E-4 
15 4.9318783903115933E-5 
16 1.140721584458181E-5 
17 2.261258988267945E-6 
18 4.7622051217358396E-7 
19 9.145956856313864E-8 
20 1.8922669357890754E-8 
21 3.1537782263151255E-9